===== Total Training Summary — 3 run(s) =====
  duration        : 300.36 ± 0.09 s
  energy_consumed : 0.050425 ± 0.000123 kWh  (181.529 ± 0.443 kJ)
  emissions       : 0.198540 ± 0.000484 g CO2eq
  cpu_energy      : 0.029923 ± 0.000012 kWh
  gpu_energy      : 0.014737 ± 0.000120 kWh
  ram_energy      : 0.005765 ± 0.000005 kWh
===================================================